
2025-05-18

AMD,101.6999969482,130.2354421061,28.0584523246
TSM,175.2200012207,208.5847956540,19.0416586011
NVDA,117.3700027466,137.8041970961,17.4100654949
AAPL,197.4900054932,228.5051245373,15.7046524793
PLTR,119.1500015259,119.4871994031,0.2830028308
TSLA,284.8200073242,252.8634492398,-11.2199133708

2025-05-18

TSLA,284.8200073242,407.7257673980,43.1520809329
TSM,175.2200012207,222.4009050946,26.9266656462
AMD,101.6999969482,123.3601617451,21.2980977845
PLTR,119.1500015259,141.6705587839,18.9010129833
AAPL,197.4900054932,227.6084621912,15.2506232520
NVDA,117.3700027466,118.4626628836,0.9309534902

2025-05-18

NVDA,117.3700027466,148.1959433438,26.2639003798
TSM,175.2200012207,199.6356027921,13.9342548803
PLTR,119.1500015259,131.8539856183,10.6621770288
AAPL,197.4900054932,216.7994762326,9.7774419982
AMD,101.6999969482,108.7998855035,6.9812082285
TSLA,284.8200073242,261.3121137008,-8.2535963131

2025-05-18

TSM,175.2200012207,210.0559512757,19.8812634473
AAPL,197.4900054932,234.4137210965,18.6964983424
NVDA,117.3700027466,122.5769777387,4.4363763059
AMD,101.6999969482,100.4562237126,-1.2229825693
PLTR,119.1500015259,112.3558070666,-5.7022193640
TSLA,284.8200073242,221.9227828697,-22.0831482470

